Loading CWE data...
Loaded 1057 CWEs from services/CodeSecurity/cwe_analysis/analysis

CWE Types Distribution:
  class_weakness: 111
  base_weakness: 524
  variant_weakness: 292
  view: 37
  pillar_weakness: 10
  category: 12
  chain_weakness: 3
  compound_weakness: 4
--------------------------------------------------

Parent Categories:
  [2, 19, 133, 136, 137, 189, 199, 227, 254, 255, 265, 275, 310, 320, 355, 361, 371, 387, 388, 389, 398, 399, 411, 417, 429, 438, 452, 465, 485, 557, 569, 712, 713, 714, 715, 716, 717, 718, 719, 720, 721, 722, 723, 724, 725, 726, 727, 728, 729, 730, 731, 735, 736, 737, 738, 739, 740, 741, 742, 743, 744, 745, 746, 747, 748, 751, 752, 753, 801, 802, 803, 808, 810, 811, 812, 813, 814, 815, 816, 817, 818, 819, 840, 845, 846, 847, 848, 849, 850, 851, 852, 853, 854, 855, 857, 858, 859, 860, 861, 864, 865, 866, 867, 871, 872, 873, 874, 875, 876, 877, 878, 879, 880, 882, 883, 886, 901, 904, 905, 929, 930, 931, 932, 933, 934, 935, 936, 938, 944, 945, 946, 947, 948, 949, 950, 951, 952, 953, 954, 955, 956, 957, 958, 959, 960, 961, 962, 963, 964, 965, 966, 967, 968, 969, 970, 971, 972, 973, 974, 975, 976, 977, 978, 979, 980, 981, 982, 983, 984, 985, 986, 987, 988, 989, 990, 991, 992, 993, 994, 995, 996, 997, 998, 1001, 1002, 1005, 1006, 1009, 1010, 1011, 1012, 1013, 1014, 1015, 1016, 1017, 1018, 1019, 1020, 1027, 1028, 1029, 1030, 1031, 1032, 1033, 1034, 1036, 1129, 1130, 1131, 1132, 1134, 1135, 1136, 1137, 1138, 1139, 1140, 1141, 1142, 1143, 1144, 1145, 1147, 1148, 1149, 1150, 1151, 1152, 1156, 1157, 1158, 1159, 1160, 1161, 1162, 1163, 1165, 1166, 1167, 1169, 1170, 1171, 1172, 1179, 1180, 1181, 1184, 1185, 1186, 1195, 1196, 1197, 1198, 1199, 1201, 1202, 1203, 1205, 1206, 1207, 1208, 1210, 1211, 1212, 1213, 1214, 1215, 1216, 1217, 1218, 1219, 1225, 1226, 1227, 1228, 1237, 1238, 1306, 1307, 1308, 1309, 1345, 1346, 1347, 1348, 1349, 1352, 1353, 1354, 1355, 1356, 1364, 1365, 1366, 1367, 1368, 1369, 1370, 1371, 1372, 1373, 1375, 1376, 1377, 1379, 1382, 1383, 1388, 1396, 1397, 1398, 1399, 1401, 1402, 1403, 1404, 1405, 1406, 1407, 1408, 1409, 1410, 1411, 1412, 1413, 1414, 1415, 1416, 1417, 1418, 1433]

Parent Types:
  {'base_weakness', 'variant_weakness', 'pillar_weakness', 'class_weakness'}

Unknown Parent Types other than weakness or categories:

Parent Category Types Encountered:
  {'category_parents'}
--------------------------------------------------

Children Categories:
  [2, 16, 19, 133, 136, 137, 189, 199, 227, 251, 254, 255, 264, 265, 275, 310, 320, 355, 361, 371, 387, 388, 389, 398, 399, 411, 417, 429, 438, 452, 465, 485, 557, 569, 712, 713, 714, 715, 716, 717, 718, 719, 720, 721, 722, 723, 724, 725, 726, 727, 728, 729, 730, 731, 735, 736, 737, 738, 739, 740, 741, 742, 743, 744, 745, 746, 747, 748, 751, 752, 753, 801, 802, 803, 808, 810, 811, 812, 813, 814, 815, 816, 817, 818, 819, 840, 845, 846, 847, 848, 849, 850, 851, 852, 853, 854, 855, 856, 857, 858, 859, 860, 861, 864, 865, 866, 867, 869, 870, 871, 872, 873, 874, 875, 876, 877, 878, 879, 880, 881, 882, 883, 885, 886, 887, 889, 890, 891, 892, 893, 894, 895, 896, 897, 898, 899, 901, 902, 903, 904, 905, 906, 907, 929, 930, 931, 932, 933, 934, 935, 936, 937, 938, 1005, 1006, 1009, 1010, 1011, 1012, 1013, 1014, 1015, 1016, 1017, 1018, 1019, 1020, 1027, 1028, 1029, 1030, 1031, 1032, 1033, 1034, 1035, 1036, 1129, 1130, 1131, 1132, 1134, 1135, 1136, 1137, 1138, 1139, 1140, 1141, 1142, 1143, 1144, 1145, 1146, 1147, 1148, 1149, 1150, 1151, 1152, 1153, 1155, 1156, 1157, 1158, 1159, 1160, 1161, 1162, 1163, 1165, 1166, 1167, 1168, 1169, 1170, 1171, 1172, 1175, 1179, 1180, 1181, 1182, 1183, 1184, 1185, 1186, 1195, 1196, 1197, 1198, 1199, 1201, 1202, 1203, 1205, 1206, 1207, 1208, 1210, 1211, 1212, 1213, 1214, 1215, 1216, 1217, 1218, 1219, 1225, 1226, 1227, 1228, 1237, 1238, 1306, 1307, 1308, 1309, 1345, 1346, 1347, 1348, 1349, 1352, 1353, 1354, 1355, 1356, 1359, 1360, 1361, 1362, 1363, 1388, 1396, 1397, 1398, 1399, 1401, 1402, 1403, 1404, 1405, 1406, 1407, 1408, 1409, 1410, 1411, 1412, 1413, 1414, 1415, 1416, 1417, 1418, 1433]

Children Types:
  {'compound_weakness', 'variant_weakness', 'deprecated_weakness', 'chain_weakness', 'deprecated_category', 'base_weakness', 'pillar_weakness', 'class_weakness', 'deprecated_view'}

CWEs with Category Children:
  [227, 629, 635, 699, 700, 711, 734, 750, 800, 809, 844, 868, 888, 900, 928, 1008, 1026, 1128, 1133, 1154, 1178, 1194, 1305, 1344, 1358, 1400, 1432]

Unknown Children Types other than weakness:

Types of CWEs with Category Children:
  {'category', 'view'}
--------------------------------------------------

Parent Categories Analysis:
  Present Categories: [2, 199, 227, 275, 320, 355, 388, 398, 417, 722, 727, 1219]
  Total Present: 12
  Missing Categories: [16, 19, 133, 136, 137, 189, 251, 254, 255, 264, 265, 310, 361, 371, 387, 389, 399, 411, 429, 438, 452, 465, 485, 557, 569, 712, 713, 714, 715, 716, 717, 718, 719, 720, 721, 723, 724, 725, 726, 728, 729, 730, 731, 735, 736, 737, 738, 739, 740, 741, 742, 743, 744, 745, 746, 747, 748, 751, 752, 753, 801, 802, 803, 808, 810, 811, 812, 813, 814, 815, 816, 817, 818, 819, 840, 845, 846, 847, 848, 849, 850, 851, 852, 853, 854, 855, 856, 857, 858, 859, 860, 861, 864, 865, 866, 867, 869, 870, 871, 872, 873, 874, 875, 876, 877, 878, 879, 880, 881, 882, 883, 885, 886, 887, 889, 890, 891, 892, 893, 894, 895, 896, 897, 898, 899, 901, 902, 903, 904, 905, 906, 907, 929, 930, 931, 932, 933, 934, 935, 936, 937, 938, 944, 945, 946, 947, 948, 949, 950, 951, 952, 953, 954, 955, 956, 957, 958, 959, 960, 961, 962, 963, 964, 965, 966, 967, 968, 969, 970, 971, 972, 973, 974, 975, 976, 977, 978, 979, 980, 981, 982, 983, 984, 985, 986, 987, 988, 989, 990, 991, 992, 993, 994, 995, 996, 997, 998, 1001, 1002, 1005, 1006, 1009, 1010, 1011, 1012, 1013, 1014, 1015, 1016, 1017, 1018, 1019, 1020, 1027, 1028, 1029, 1030, 1031, 1032, 1033, 1034, 1035, 1036, 1129, 1130, 1131, 1132, 1134, 1135, 1136, 1137, 1138, 1139, 1140, 1141, 1142, 1143, 1144, 1145, 1146, 1147, 1148, 1149, 1150, 1151, 1152, 1153, 1155, 1156, 1157, 1158, 1159, 1160, 1161, 1162, 1163, 1165, 1166, 1167, 1168, 1169, 1170, 1171, 1172, 1175, 1179, 1180, 1181, 1182, 1183, 1184, 1185, 1186, 1195, 1196, 1197, 1198, 1199, 1201, 1202, 1203, 1205, 1206, 1207, 1208, 1210, 1211, 1212, 1213, 1214, 1215, 1216, 1217, 1218, 1225, 1226, 1227, 1228, 1237, 1238, 1306, 1307, 1308, 1309, 1345, 1346, 1347, 1348, 1349, 1352, 1353, 1354, 1355, 1356, 1359, 1360, 1361, 1362, 1363, 1364, 1365, 1366, 1367, 1368, 1369, 1370, 1371, 1372, 1373, 1375, 1376, 1377, 1379, 1382, 1383, 1388, 1396, 1397, 1398, 1399, 1401, 1402, 1403, 1404, 1405, 1406, 1407, 1408, 1409, 1410, 1411, 1412, 1413, 1414, 1415, 1416, 1417, 1418, 1433]
  Total missing: 359
